0.766416
-0.819428
-0.819428
0.766416
-0.779047
0.675432
0.675432
0.128737
0.766416
0.675432
0.128737
-0.779047
0.128737
-0.819428
-0.55834
0.128737
-0.819428
-0.779047
0.766416
-0.779047
-0.819428
0.766416
0.766416
0.128737
0.766416
-0.55834
0.766416
-0.779047
-0.779047
-0.779047
0.766416
0.766416
-0.779047
-0.779047
-0.55834
-0.819428
-0.55834
-0.55834
0.128737
-0.819428
-0.819428
-0.819428
0.766416
0.128737
0.675432
0.128737
0.766416
0.128737
-0.819428
-0.819428
-0.55834
0.738765
-0.289699
1.10694
0.500203
0.890697
1.35005
1.6856
2.72978
2.56032
4.44774
5.81604
7.21434
9.11483
11.7016
15.2234
18.3577
22.4731
26.8591
32.2124
37.6014
42.78
46.4469
51.7291
56.7667
61.6842
66.1288
69.5206
71.6047
76.4073
79.2388
80.774
83.263
85.9116
88.4826
90.3128
92.2301
92.7767
96.238
99.5035
100.958
102.629
102.702
104.789
104.312
107.049
106.731
108.227
108.931
110.219
110.97
112.706
114.26
114.339
115.499
116.442
117.31
116.786
116.485
116.607
115.159
116.636
117.269
117.405
116.318
116.16
116.649
116.824
116.058
115.706
114.023
115.247
116.827
116.133
117.582
118.501
117.954
118.901
118.577
119.502
119.658
119.636
120.08
120.034
121.914
120.484
119.336
118.194
117.469
117.117
117.589
118.066
117.612
117.992
118.303
118.367
117.686
118.511
118.283
118.922
119.239
119.284
119.017
117.413
117.773
118.453
117.837
118.696
117.9
118.695
118.648
118.925
118.365
119.308
118.637
117.871
117.769
117.593
116.859
118.177
119.123
119.632
119.242
120.246
118.53
118.844
117.919
117.643
120.099
120.686
119.403
119.469
119.063
117.841
118.037
119.098
118.565
118.145
118.048
118.294
118.561
118.209
117.619
118.031
116.775
117.973
117.711
118.169
118.804
117.056
117.412
117.337
118.142
119.043
116.746
116.884
118.243
118.036
118.125
116.865
115.41
116.403
117.121
117.639
118.892
119.075
118.564
117.183
118.054
117.284
118.135
119.33
119.241
118.345
116.478
116.96
117.848
118.499
118.112
117.814
118.058
118.626
118.17
117.027
116.315
115.112
114.964
114.712
115.052
116.133
117.408
117.985
117.838
117.809
119.712
120.371
120.345
120.932
121.326
121.659
121.432
121.712
120.445
121.279
122.091
121.587
121.582
122.481
121.022
121.482
122.061
123.168
122.854
122.751
124.064
123.79
123.246
121.876
121.876
119.63
122.121
122.804
121.285
121.656
120.856
122.33
121.754
122.761
122.849
123.873
123.573
124.099
124.783
123.755
120.912
121.578
122.799
122.615
123.729
124.637
125.294
123.11
123.426
122.86
123.523
124.181
122.833
123.526
124.922
124.919
123.951
124.317
125.382
125.118
125.042
125.338
124.612
122.287
119.887
122.791
123.028
123.829
124.33
121.985
122.284
123.166
121.797
122.211
123.797
123.042
123.839
125.497
126.037
126.889
127.384
125.967
126.905
127.532
130.318
131.715
131.157
131.072
130.674
131.885
131.047
132.526
132.038
130.815
130.052
129.502
130.612
129.768
131.253
131.033
131.249
131.442
130.596
132.042
131.79
129.534
128.758
127.385
128.486
126.716
126.601
127.553
125.534
125.575
125.326
123.951
125.663
126.455
127.738
127.743
127.226
126.35
127.445
127.756
127.572
125.554
126.017
126.243
128.363
129.78
127.909
129.258
127.884
126.496
125.563
126.945
128.471
128.098
126.865
126.562
125.056
124.338
124.663
124.972
125.199
122.938
121.895
120.265
118.839
119.659
120.192
118.601
119.185
117.502
118.757
120.976
120.573
118.734
120.093
119.493
120.812
119.673
120.022
118.89
118.897
118.713
118.883
119.569
121.375
120.975
121.241
122.745
122.403
121.654
120.799
121.011
122.105
121.947
122.269
123.257
121.982
121.759
120.005
118.787
118.574
117.764
117.515
118.65
117.85
117.285
117.067
118.26
117.466
117.203
117.281
119.149
119.138
117.416
118.013
117.262
119.714
118.956
119.496
118.633
119.129
119.781
120.26
119.509
119.238
119.588
121.512
120.209
119.223
117.432
117.617
117.703
116.672
115.115
114.606
115.178
115.465
116.405
116.224
115.53
115.5
114.868
114.736
115.239
114.419
113.646
113.203
114.701
114.136
115.432
114.501
114.06
114.973
115.905
115.747
115.52
115.431
115.124
114.43
113.124
112.095
111.708
112.218
111.398
111.224
109.994
109.793
108.685
107.976
106.55
103.995
105.27
105.175
104.715
104.367
105.726
107.469
105.676
106.977
106.45
105.006
106.61
106.443
106.954
104.44
104.351
102.597
103.477
102.603
102.39
100.99
100.931
100.74
100.205
100.084
100.477
99.9108
99.6218
100.249
100.361
100.312
101.168
101.476
100.807
100.3
100.751
101.113
100.46
100.706
101.675
101.513
101.485
101.405
100.708
100.759
101.665
102.277
103.032
102.306
104.81
105.438
106.234
106.611
106.59
105.732
105.463
104.83
104.471
104.037
103.884
103.524
102.969
103.352
103.083
100.052
101.166
100.947
100.768
100.644
100.205
100.412
100.055
100.282
99.3829
99.7512
100.039
101.847
101.317
101.041
100.874
100.753
100.893
101.621
100.113
99.8379
100.17
99.5805
99.6421
100.377
101.131
102.149
102.306
103.45
103.706
103.294
102.548
102.675
101.815
102.732
103.024
103.69
104.878
104.193
103.162
102.677
102.246
103.541
103.638
101.898
102.315
101.294
101.273
100.707
100.953
100.345
100.747
100.395
100.88
101.712
101.444
101.393
101.141
100.79
101.336
100.575
99.6727
100.351
99.2476
99.1913
99.7459
98.5847
98.7223
98.7077
99.5834
99.6639
99.9306
99.4928
99.8504
100.554
99.988
99.82
99.5536
97.6926
98.0155
98.1271
97.9104
98.5329
97.8257
98.7279
98.7236
99.158
98.8668
100.909
100.347
100.549
99.6805
99.2868
99.3796
98.5715
99.3543
98.667
98.7434
99.1554
98.7868
99.1404
99.1898
99.4199
98.6338
98.6802
99.5084
99.2892
99.9538
100.627
101.025
101.823
102.278
103.022
102.584
102.222
102.755
104.233
103.515
103.101
103.446
102.53
102.311
100.954
102.031
101.67
100.658
99.8873
99.8447
101.226
101.386
100.694
101.862
101.936
101.814
100.55
101.695
102.571
102.489
101.558
101.89
101.743
101.845
101.101
100.197
99.8578
99.474
100.67
99.723
99.4201
99.7306
98.1765
97.6872
97.3176
96.9546
97.2967
98.2383
98.0556
99.5262
98.4901
100.778
100.873
101.41
103.027
103.232
102.662
102.607
103.068
103.89
103.981
105.707
105.963
105.855
105.541
105.215
105.741
105.708
106.156
107.582
107.722
109.988
109.649
108.511
110.086
110.955
110.913
111.358
110.473
109.996
109.997
109.369
109.661
108.329
109.683
109.89
109.376
109.543
108.631
108.903
108.543
108.219
108.143
108.672
107.868
108.347
107.47
106.388
107.378
106.46
107.612
106.926
106.054
105.226
105.302
104.929
104.604
105.67
106.109
106.498
105.958
106.054
106.151
105.311
105.526
105.807
106.286
105.367
105.014
104.826
105.411
105.452
105.904
105.141
105.845
105.766
105.462
104.98
105.981
105.189
103.376
105.131
105.584
105.002
106.401
106.382
105.937
105.713
106.741
106.327
106.714
108.238
108.054
107.486
107.085
106.275
106.275
106.15
106.277
105.745
106.321
107.491
108.871
109.023
107.601
107.752
107.931
108.632
110.285
111.345
109.68
111.349
112.721
112.534
112.156
111.541
111.463
112.232
111.7
111.679
111.048
111.124
111.528
110.694
111.463
110.912
111.092
110.672
111.95
111.265
111.59
112.37
112.62
112.377
112.144
112.759
113.294
113.315
113.521
114.119
114.404
112.879
113.481
114.776
113.805
113.565
114.43
114.992
114.729
114.345
114.014
113.778
111.721
112.242
113.301
110.813
112.599
110.975
112.164
110.819
110.492
110.963
111.054
110.183
111.249
111.534
111.453
112.562
112.975
112.832
114.234
113.672
113.677
114.402
113.591
113.162
112.912
113.26
114.011
113.979
111.615
112.577
114.063
115.004
114.317
114.48
114.464
115.573
115.956
114.984
112.923
114.252
114.404
117.4
117.256
118.369
117.558
117.545
117.455
116.27
118.324
118.024
116.473
115.673
114.64
116.5
116.842
116.309
116.093
114.532
115.784
116.04
114.129
115.255
114.255
112.933
114.318
113.118
113.764
113.813
114.494
113.859
115.465
115.68
116.284
116.141
116.179
115.367
115.252
115.163
113.792
115.628
115.936
118.065
118.132
117.517
118.824
118.134
118.639
118.117
119.383
117.02
117.471
116.719
118.381
118.639
118.086
117.585
116.932
118.533
119.156
119.109
119.709
119.639
121.055
121.229
120.631
120.91
120.73
121.665
123.352
123.273
123.223
123.603
123.345
123.375
123.566
123.18
121.88
121.21
120.955
120.41
120.819
120.146
120.411
121.247
120.79
119.719
120.193
119.955
121.069
121.903
120.622
121.34
119.912
119.739
119.914
120.692
122.13
121.884
122.177
123.659
123.221
122.738
123.095
123.093
121.881
123.618
123.264
124.004
125.474
125.971
124.676
124.703
126.693
124.574
125.251
125.296
124.499
123.272
123.46
123.269
123.193
122.693
122.834
123.492
123.158
124.406
124.666
124.078
124.459
126.229
126.411
126.345
126.42
125.78
125.311
125.005
125.241
125.275
125.047
124.695
124.468
124.959
124.824
125.125
125.452
125.143
124.361
124.252
122.884
123.589
122.387
121.892
123.675
122.37
121.233
121.157
120.629
119.784
119.376
119.136
117.808
118.618
120.061
118.596
118.432
117.48
117.275
116.68
116.124
116.035
117.25
116.836
116.076
116.374
117.965
118.799
117.587
116.899
115.943
116.944
116.707
115.014
115.753
115.564
114.037
114.039
114.411
114.953
114.569
112.909
114.909
114.232
114.336
114.596
113.865
113.179
113.451
113.745
114.434
114.478
115.624
115.497
114.78
114.22
112.782
110.998
111.839
112.806
113.903
113.087
112.166
113.134
113.925
112.634
114.729
114.83
114.461
115.485
114.0
114.232
115.946
115.777
116.147
115.742
115.541
115.153
114.587
115.672
114.391
113.603
112.855
113.567
112.351
111.814
111.871
114.043
112.958
111.805
112.588
111.926
111.798
112.124
113.469
114.103
113.152
111.131
111.52
110.044
110.102
111.06
111.238
110.629
111.501
111.003
111.396
111.011
110.978
110.645
112.042
113.961
114.578
115.21
114.138
112.463
113.012
113.247
113.091
112.681
111.828
111.143
110.726
110.55
108.918
109.276
108.402
108.268
108.302
108.29
107.816
107.186
107.838
108.997
107.191
106.962
107.418
107.439
107.063
106.568
106.691
105.576
104.719
105.003
105.188
105.437
106.316
106.47
106.363
106.403
107.161
106.659
107.197
106.884
107.315
106.536
104.93
104.659
104.18
104.104
104.73
103.868
103.274
103.727
103.589
102.577
103.125
102.841
101.839
102.036
103.158
103.473
102.424
102.34
101.778
101.431
101.542
101.753
101.12
100.853
100.418
100.84
99.5884
99.6988
100.223
101.016
100.241
100.315
100.895
101.554
102.072
102.879
102.407
102.654
103.113
103.781
103.917
103.665
105.22
103.892
104.164
104.03
104.411
105.57
106.132
105.838
104.945
104.054
104.485
103.271
105.186
105.233
105.23
106.348
107.45
107.095
105.72
105.744
107.916
107.406
108.729
108.686
108.593
108.676
109.761
108.78
107.905
108.858
108.171
109.622
110.318
110.023
109.927
110.265
110.771
110.394
113.349
113.405
114.037
113.963
113.025
113.236
113.662
115.176
114.987
113.808
114.068
115.162
115.084
115.576
115.587
113.958
113.914
111.509
111.666
111.599
112.116
112.797
112.503
113.171
112.944
111.546
111.024
111.603
111.856
113.387
113.205
113.295
112.885
112.428
111.675
110.74
110.941
111.074
111.859
112.831
111.783
111.393
109.281
110.542
109.826
108.118
109.982
109.677
110.087
108.749
108.254
108.502
109.649
109.151
108.838
107.417
107.2
106.884
107.006
106.609
107.426
108.503
108.262
108.184
107.691
108.111
107.637
107.894
108.193
108.704
108.577
108.873
107.172
107.036
106.841
106.281
105.58
106.466
107.518
108.678
110.472
110.176
109.529
108.855
110.236
109.802
109.432
110.445
111.105
111.435
111.916
109.932
110.186
109.742
110.737
111.365
110.896
113.229
113.687
114.606
115.075
115.879
116.456
118.165
116.364
114.728
115.331
115.245
115.632
115.364
115.42
116.673
116.539
113.458
114.289
115.014
113.69
113.089
113.399
115.503
115.035
114.153
112.67
114.633
114.94
113.658
114.735
115.4
114.453
111.993
113.794
114.956
113.132
113.623
114.11
113.776
113.095
113.263
114.187
114.678
114.373
114.723
115.284
117.034
115.878
115.522
115.508
115.59
116.179
117.374
118.01
117.579
118.912
118.909
118.276
117.569
118.251
118.341
117.783
116.696
115.87
115.458
114.04
114.243
115.606
116.208
115.003
115.362
115.237
114.459
114.998
116.074
114.684
114.289
113.037
112.469
111.911
112.431
112.238
112.095
112.168
111.445
110.797
110.482
111.515
110.656
111.106
113.028
112.566
111.55
110.836
110.387
110.07
111.161
110.388
111.331
111.771
112.107
111.231
110.8
110.47
110.134
110.314
109.848
108.461
108.977
109.318
109.234
109.734
110.416
110.14
110.25
111.692
111.331
111.772
111.062
110.882
112.165
111.465
111.38
112.531
111.55
110.625
110.475
109.29
111.392
111.971
110.92
112.078
112.185
111.684
112.164
112.606
113.27
114.671
114.036
115.984
115.722
116.325
117.663
119.369
117.86
117.505
117.187
118.374
118.551
118.688
116.621
118.514
117.57
117.348
117.786
115.6
117.204
116.988
115.369
114.506
114.634
114.026
113.632
114.53
115.02
114.508
113.77
115.517
114.802
116.231
115.629
116.186
116.571
117.003
117.115
117.598
117.342
117.072
115.315
115.829
116.126
116.5
116.941
116.695
116.078
114.036
115.435
116.532
117.882
119.626
119.207
117.916
117.237
116.969
117.194
116.489
115.546
115.611
115.767
116.39
116.282
118.075
117.842
118.071
117.249
115.398
116.013
115.421
113.671
112.609
110.72
110.548
113.049
112.706
113.019
112.407
111.644
110.93
111.231
110.772
112.753
114.438
114.175
114.353
114.035
114.596
114.471
114.818
113.776
112.211
111.44
112.122
111.547
113.222
112.551
111.839
111.419
110.559
110.351
109.554
108.937
111.39
111.191
111.81
113.375
112.743
113.875
112.831
112.162
113.101
113.968
113.711
114.486
114.342
113.378
114.499
114.993
116.693
116.068
115.637
115.735
114.375
115.402
116.031
115.419
114.569
113.508
113.136
112.622
112.478
112.814
112.536
111.849
112.294
112.512
111.693
112.809
112.76
112.752
113.876
113.33
113.575
114.351
114.993
113.525
112.808
114.326
114.095
115.05
115.106
115.36
114.949
115.26
116.108
116.598
118.227
118.119
117.813
117.324
117.373
117.761
117.156
115.562
117.102
117.751
118.482
119.552
117.464
117.955
119.226
121.913
123.599
124.883
121.705
122.328
123.574
122.527
122.662
121.5
122.835
122.358
122.257
122.202
122.829
121.612
119.906
119.545
117.167
116.216
116.378
115.634
114.886
114.868
113.872
114.341
116.621
115.705
118.053
118.484
118.935
119.525
118.283
122.063
121.754
120.947
121.527
120.01
120.124
121.919
124.438
122.78
121.409
121.897
122.062
122.286
121.534
119.17
119.553
121.068
121.281
120.424
119.194
117.496
116.533
115.747
115.389
115.851
116.166
115.658
116.012
115.682
114.217
113.77
114.565
114.885
114.866
116.414
116.719
117.029
117.956
116.613
116.056
116.119
115.976
114.984
114.173
113.111
113.789
116.207
115.832
114.207
113.515
112.357
112.169
112.512
111.987
115.459
115.59
116.451
116.718
115.594
116.364
115.78
116.815
117.289
116.711
118.405
118.07
117.803
117.343
119.173
119.591
121.411
122.002
121.097
119.254
119.163
118.512
119.378
121.753
124.283
124.058
126.456
127.078
128.319
128.06
129.588
125.725
128.378
128.644
127.58
127.633
127.24
127.373
125.849
127.937
127.842
126.637
126.845
129.426
128.065
127.248
125.734
124.141
123.847
122.153
121.258
120.095
122.389
121.626
119.074
119.765
121.223
120.898
119.61
118.667
116.891
117.729
117.306
118.237
121.348
119.824
120.438
119.376
118.891
120.113
120.157
118.897
121.143
122.945
123.653
122.116
122.627
123.803
121.894
123.069
122.069
126.13
123.603
122.467
122.178
121.588
121.734
120.89
121.916
119.269
119.957
121.874
122.954
122.178
119.771
120.297
119.855
118.439
119.127
119.418
119.654
119.865
119.823
120.602
120.198
119.248
120.532
120.022
119.188
118.924
118.484
118.877
119.648
118.365
120.135
119.407
119.881
121.602
121.74
121.123
120.169
120.036
119.092
118.38
118.786
118.157
119.47
120.482
120.997
121.612
122.315
121.797
122.79
123.56
123.275
123.826
124.206
123.049
122.451
121.716
122.997
121.695
122.501
124.304
122.661
123.394
121.467
120.709
122.267
120.868
121.906
121.345
122.64
121.956
121.176
119.642
120.088
120.18
119.638
119.683
118.949
121.151
121.907
121.43
121.961
122.57
122.157
121.619
122.645
124.745
126.524
125.843
126.331
126.543
125.665
126.276
124.725
126.326
123.535
123.002
122.859
122.896
122.953
122.524
121.759
122.37
122.158
122.494
123.603
124.81
125.561
124.882
125.264
123.662
124.285
122.758
123.765
123.56
123.087
122.58
123.341
124.242
124.034
124.005
123.946
126.958
126.116
126.312
124.493
124.635
123.037
121.498
121.704
121.284
119.922
118.76
117.703
118.715
118.32
118.13
119.164
117.785
118.414
116.924
114.771
115.627
114.829
114.18
112.829
113.782
112.662
113.057
112.756
111.558
110.912
109.885
109.691
111.283
111.901
109.918
111.173
112.146
112.213
110.909
110.273
110.751
110.755
110.81
111.359
110.647
109.894
110.293
110.332
110.282
108.434
108.667
108.635
109.403
110.882
109.108
108.107
106.924
107.908
107.925
107.562
107.025
108.159
109.578
110.103
109.873
109.817
109.28
108.764
107.837
107.222
106.456
106.743
107.18
106.441
107.399
107.29
106.236
105.835
104.562
103.309
103.033
102.712
102.381
102.316
102.64
102.255
101.555
101.869
102.072
102.071
100.661
102.047
102.478
102.996
104.527
104.133
103.014
102.463
102.637
102.077
104.362
105.027
105.339
104.865
105.578
105.579
105.595
106.841
106.641
106.206
105.193
104.627
103.698
103.493
104.566
104.875
104.113
104.579
103.672
103.343
103.82
102.857
103.423
102.786
102.127
102.916
102.104
102.569
102.556
100.916
101.559
101.878
102.014
101.442
102.74
100.592
99.8682
101.178
101.371
100.781
99.9868
98.9843
98.9852
97.6077
96.5808
96.5436
97.0064
97.2046
96.7301
97.0328
95.2633
94.9487
95.1675
94.979
94.7259
95.598
95.5491
96.1453
95.7035
94.7015
95.2999
94.7039
94.5621
95.516
94.9665
94.4577
94.9296
93.4625
92.8504
92.6532
92.7716
92.3594
92.4031
92.2243
93.042
93.8148
93.9556
94.0778
95.8362
95.3311
95.5339
94.6484
94.7972
93.805
94.5731
94.5703
94.4884
95.0916
94.7364
94.4956
94.3511
95.0051
96.4974
95.4481
95.808
96.6503
96.1753
96.3598
95.2531
95.9632
96.1424
97.0027
96.6447
97.0562
97.0218
97.2849
97.5799
98.0431
98.4789
98.7261
99.4754
98.4374
99.3854
98.6031
98.5371
100.031
101.21
100.928
100.585
99.8482
99.9115
100.567
101.246
100.453
102.05
102.378
103.352
102.439
102.77
103.389
102.223
102.925
103.301
104.25
104.232
103.491
105.157
104.861
104.641
105.078
105.091
105.576
106.152
106.85
106.4
107.69
107.168
106.445
106.683
106.903
106.438
107.148
107.207
108.053
109.381
107.893
108.582
109.146
109.409
109.991
108.985
108.789
111.08
110.551
109.514
110.101
110.538
110.217
110.285
109.767
110.2
109.593
109.846
110.457
110.987
111.862
112.275
111.847
112.627
111.755
111.409
111.597
112.281
112.225
111.719
112.211
111.889
111.967
111.993
111.816
112.573
111.826
109.683
109.363
109.23
108.663
109.64
111.229
112.123
112.655
113.947
113.854
113.481
113.565
113.226
113.587
112.606
111.966
112.565
113.435
115.002
116.499
117.521
116.984
117.387
118.337
120.053
119.719
120.068
121.785
121.224
120.889
120.614
121.429
121.093
122.171
122.676
123.391
121.667
120.238
120.893
121.847
121.494
122.768
120.064
121.015
120.849
119.182
119.804
122.398
120.371
124.119
124.249
124.322
124.848
124.085
123.248
121.7
121.074
121.281
121.972
122.864
122.29
124.098
122.67
122.867
123.667
123.607
123.552
122.184
120.758
121.753
120.054
118.652
119.61
119.743
118.496
118.187
115.677
115.165
113.92
113.837
113.719
113.046
110.914
111.472
110.426
110.448
111.636
111.305
110.663
108.779
106.772
106.436
105.826
105.974
105.819
106.138
105.257
104.867
104.613
105.82
106.176
104.983
105.561
104.384
105.38
105.88
106.684
107.612
107.102
108.585
107.959
108.504
108.88
109.053
109.733
111.479
111.946
113.092
114.041
116.57
116.876
117.191
115.698
114.792
115.562
116.532
116.01
115.741
116.706
118.527
119.703
118.223
117.229
117.391
117.202
116.154
118.009
118.328
117.595
117.102
114.433
115.463
114.93
114.015
114.288
114.788
113.022
112.14
113.732
112.821
113.38
111.498
111.993
111.255
111.242
110.136
111.734
111.127
109.589
108.253
108.009
108.291
107.472
108.174
107.141
106.127
104.814
105.021
105.307
105.42
104.486
104.61
103.415
103.949
103.56
101.078
100.787
100.78
99.7328
99.7681
99.9286
100.068
100.324
100.268
101.134
101.025
101.105
99.8725
100.036
99.9829
100.562
100.592
101.513
101.623
101.101
100.235
100.535
100.198
99.4002
99.6942
99.7898
97.9849
97.0763
97.1304
97.4418
97.9959
97.7234
97.5979
97.4054
97.1939
96.1992
95.2396
96.1119
96.6403
95.7294
97.236
96.6232
96.4051
95.9377
96.4669
97.6956
96.5302
95.1129
95.1435
95.4393
96.7857
97.0142
99.7969
100.197
100.698
101.073
101.492
102.118
102.886
104.174
104.76
105.203
103.793
103.986
104.026
104.634
105.088
106.001
106.938
106.435
107.867
108.024
108.309
108.081
108.083
109.561
110.246
110.303
110.243
111.056
109.479
111.24
112.445
113.236
112.665
112.219
115.341
116.107
117.365
116.845
117.549
117.184
117.309
116.745
117.14
116.694
116.647
117.957
119.915
119.145
118.746
120.558
119.378
120.657
120.387
119.985
121.22
121.449
120.937
119.2
120.646
121.125
120.682
120.35
121.756
121.604
121.768
124.239
124.763
123.454
124.644
123.302
123.382
123.778
123.403
122.763
124.0
124.598
125.704
125.445
125.315
128.46
129.266
128.508
131.197
130.993
130.707
129.294
128.366
128.869
128.426
126.818
125.634
125.293
125.164
125.332
125.749
124.622
124.97
124.84
123.858
124.733
124.99
124.921
123.202
125.966
127.053
126.888
127.604
127.766
127.916
127.834
126.846
125.292
125.727
123.217
122.367
122.856
123.065
122.502
123.023
123.577
123.115
123.344
122.031
120.582
120.559
120.802
120.508
120.078
119.108
120.198
118.899
119.548
117.9
116.636
117.609
115.924
115.492
114.474
113.645
113.722
112.441
113.443
114.288
113.355
112.71
113.107
113.173
112.095
113.265
112.713
112.068
112.028
112.101
111.961
111.899
112.383
111.546
112.043
114.395
114.769
114.29
115.083
113.299
113.182
110.912
110.389
109.951
110.894
108.566
108.335
108.369
107.364
108.429
108.371
110.427
110.024
110.633
110.272
109.806
109.546
108.961
109.811
108.939
108.817
108.54
109.321
108.454
109.466
108.815
109.609
109.185
109.861
108.965
108.526
109.276
110.08
110.459
109.107
109.649
110.496
109.858
109.352
110.06
110.801
109.706
110.252
109.915
111.633
111.087
110.27
109.594
109.287
108.697
109.135
109.075
108.014
107.852
108.225
107.813
108.562
108.949
109.243
108.53
108.849
107.875
108.856
106.883
106.052
107.084
106.3
106.288
105.374
105.954
105.394
105.795
104.496
103.228
104.412
104.372
104.954
104.527
104.166
104.572
105.107
105.416
105.899
105.418
105.458
104.979
104.961
105.738
105.124
103.377
105.274
105.629
105.61
106.279
105.7
105.575
104.366
105.199
104.24
104.543
105.254
105.992
105.737
105.505
106.018
106.18
104.335
105.567
103.744
104.14
103.281
104.482
103.94
102.92
101.352
102.43
102.687
101.772
102.345
102.216
101.925
101.682
101.597
100.934
100.315
99.0211
98.7633
96.8334
98.8997
99.0066
98.6987
99.285
99.3986
98.9719
99.5727
99.5659
100.546
100.206
100.594
100.022
100.281
101.064
99.9422
100.6
101.216
101.598
101.033
101.435
101.388
100.435
98.5092
98.6408
99.8024
99.0783
99.1379
98.0382
98.876
99.1607
98.6895
97.9793
98.6378
97.6911
98.3176
97.5501
97.7398
97.8242
98.5326
98.4422
97.709
98.8633
99.1396
99.0502
99.0151
99.063
98.3974
98.5919
97.9592
97.8589
95.6127
94.9049
94.2992
95.3841
95.8944
95.6412
95.9303
97.3217
95.9356
96.7427
97.186
96.8011
98.2929
99.1571
97.5245
97.1717
96.9554
98.2242
98.9648
98.8513
97.7781
97.4659
96.5997
96.3563
96.3157
97.1693
96.653
96.4556
96.499
97.3476
99.372
98.3054
99.065
99.75
100.677
101.736
100.543
102.424
103.427
103.56
102.132
101.998
101.275
101.277
101.27
100.891
100.811
101.234
100.631
101.043
101.601
101.875
101.176
101.458
101.833
102.436
104.026
103.853
104.768
104.077
105.667
105.666
104.951
105.316
106.368
106.192
105.528
106.245
105.737
105.202
105.445
104.563
103.208
104.11
104.213
104.271
102.559
102.425
102.027
102.381
102.061
101.112
100.453
101.247
100.425
101.111
100.46
101.033
99.8163
101.797
100.301
101.654
102.61
101.596
102.954
103.278
106.072
106.547
106.776
107.227
108.431
110.097
110.293
112.224
110.39
109.138
110.468
111.589
111.354
110.839
110.031
109.141
111.509
109.983
110.519
109.908
110.181
113.57
114.19
115.452
114.502
113.757
113.772
115.173
114.632
115.131
115.326
114.17
112.675
112.381
111.03
109.924
109.825
111.263
111.867
112.825
113.399
113.131
114.332
112.728
113.087
112.633
111.632
112.063
112.244
112.138
113.493
111.592
111.359
110.131
111.1
109.876
111.715
112.909
114.486
113.163
117.456
118.138
118.396
118.956
119.054
120.108
118.056
118.939
118.372
119.133
118.955
116.289
116.343
116.27
116.75
115.739
116.441
115.404
116.144
114.076
113.408
112.541
111.672
111.317
110.269
111.99
112.469
111.074
112.648
112.157
111.26
112.153
114.333
114.587
113.565
113.154
114.706
116.852
116.024
114.683
113.837
112.133
110.63
111.73
110.135
110.972
111.979
109.189
108.865
107.897
108.261
108.895
108.895
110.329
110.33
108.68
108.418
107.596
105.71
106.232
104.833
103.209
104.001
104.959
104.329
104.821
104.365
104.426
106.358
107.561
107.899
105.527
107.462
106.391
105.679
105.695
105.079
105.0
104.317
104.853
106.018
106.161
108.429
110.234
109.62
107.097
108.55
109.638
111.04
109.534
109.641
109.027
108.577
107.104
107.067
107.612
108.114
107.801
108.259
105.246
104.936
105.244
106.717
106.821
105.127
105.744
103.505
103.054
105.322
105.149
103.936
102.732
102.034
102.25
102.344
102.26
102.286
101.513
100.838
99.6468
99.2924
97.9407
99.4689
100.452
100.087
101.774
100.794
101.513
102.026
101.699
99.7859
101.125
101.246
101.738
102.145
101.672
103.275
103.04
105.596
106.8
106.788
105.938
107.422
106.212
106.132
106.602
107.449
107.333
109.08
109.297
107.939
107.388
107.243
107.861
107.903
108.581
109.459
109.0
108.613
107.518
107.946
106.626
105.472
106.56
106.791
106.716
105.89
106.336
104.798
106.081
105.451
106.472
106.602
106.377
105.99
105.794
105.546
105.543
103.847
102.795
102.419
102.03
100.597
101.851
101.725
101.861
101.553
101.327
101.099
100.874
100.482
99.6736
100.881
100.645
100.609
101.521
102.326
103.557
103.694
102.555
103.176
104.346
104.589
104.969
104.997
104.935
104.39
104.192
105.549
104.977
104.434
104.986
105.282
105.711
103.996
105.181
104.371
105.596
106.073
106.847
107.297
107.059
106.408
106.066
105.721
104.351
106.699
106.212
105.185
106.404
107.263
107.298
108.595
107.452
108.375
107.029
108.53
107.311
107.503
106.357
104.962
103.974
105.262
104.64
104.456
105.023
105.817
106.043
105.491
105.035
107.504
107.802
108.395
108.304
108.041
110.312
109.06
108.611
107.205
107.439
110.081
108.517
108.656
107.847
107.817
107.96
107.736
108.961
109.111
108.401
107.728
107.355
107.167
107.52
107.825
107.151
106.376
106.745
108.475
108.367
108.923
109.109
109.376
110.81
108.486
108.705
109.068
108.391
107.823
109.454
110.119
110.094
110.472
109.339
109.0
107.818
107.666
107.307
107.953
108.387
108.844
109.29
109.096
110.016
109.566
109.99
110.822
112.088
112.081
111.418
110.666
110.635
110.634
108.989
108.98
108.565
107.588
109.553
109.185
109.871
109.616
108.464
108.716
109.244
108.845
109.447
109.124
110.213
111.097
113.353
113.416
115.352
114.441
113.773
114.559
115.141
113.959
113.228
114.126
113.473
112.98
112.773
112.876
113.07
111.921
112.08
113.084
113.691
114.413
113.168
112.716
112.817
111.974
112.456
111.561
112.306
111.019
111.838
112.887
112.713
112.791
111.381
110.869
111.691
111.016
110.775
111.525
111.047
110.565
110.364
110.989
111.907
110.176
111.111
112.264
112.009
111.827
111.102
109.673
111.337
111.01
109.828
109.305
109.552
110.407
110.75
109.233
108.091
108.47
109.244
110.412
109.853
110.325
109.656
109.549
110.204
107.307
108.944
108.82
107.259
106.524
107.771
107.263
107.326
106.757
105.149
105.984
106.063
105.736
104.149
104.451
106.146
105.474
106.748
106.062
105.583
105.714
105.946
105.505
105.356
106.007
105.5
106.694
106.345
104.204
104.788
104.249
103.489
104.221
103.381
103.924
103.692
103.635
104.99
102.553
103.674
103.582
102.787
102.127
101.275
100.304
101.049
100.611
101.153
100.225
100.252
100.518
100.323
102.39
102.817
103.371
101.83
102.557
102.226
101.626
100.899
100.589
101.062
101.808
101.797
100.85
99.895
99.712
99.7294
101.55
99.1628
100.554
102.357
103.146
101.601
101.005
100.175
98.1884
97.6335
97.3787
97.423
97.4006
97.5143
97.6106
98.8418
97.5661
97.2735
98.456
98.2778
97.055
97.3459
98.3828
97.9103
97.4795
97.247
97.2498
99.0804
97.9706
98.78
99.7717
99.9166
100.225
100.039
100.148
100.783
101.34
101.492
102.363
103.734
103.258
102.787
104.427
104.592
105.13
104.803
104.266
103.344
102.466
101.926
100.966
101.089
99.9128
99.9664
99.1877
99.3725
100.589
100.634
100.786
100.591
102.141
100.359
100.532
101.297
101.928
102.644
102.763
102.358
102.655
101.8
101.652
101.717
100.826
100.631
101.358
99.9514
100.831
101.07
98.5421
100.008
100.877
100.868
101.535
99.9498
99.4125
99.2729
99.2617
98.7217
100.514
100.769
100.871
100.451
102.239
102.283
103.613
104.277
103.615
102.796
102.452
102.346
101.885
103.39
102.627
102.825
103.969
103.748
103.65
103.56
104.118
105.425
104.962
103.825
105.357
105.635
105.12
104.324
103.655
103.937
105.77
106.588
107.767
106.584
105.912
106.109
106.423
105.804
105.884
106.077
105.592
104.733
104.092
105.389
105.346
107.118
108.341
107.82
108.654
109.333
108.628
107.383
107.421
106.223
107.801
106.667
106.342
106.65
107.897
107.198
108.115
108.045
108.307
108.931
108.11
107.567
107.846
108.179
108.459
108.347
107.855
108.689
107.707
107.87
107.089
105.979
104.22
105.462
105.299
104.672
104.329
104.676
103.541
103.692
103.385
103.885
103.987
105.179
105.971
107.446
107.383
106.771
106.616
105.571
106.634
107.703
107.553
107.199
106.782
106.891
106.923
106.164
106.008
105.926
105.347
104.459
104.552
104.294
105.557
104.478
104.882
104.786
104.665
104.715
105.444
106.997
106.908
105.432
107.161
106.939
107.549
106.926
106.671
105.247
103.996
104.37
104.677
102.896
102.614
101.836
102.459
102.605
102.228
102.382
102.656
101.922
103.121
104.391
104.511
103.701
105.066
104.771
104.525
105.055
103.427
103.198
104.369
105.722
103.952
104.232
104.26
103.313
102.154
102.051
102.759
101.469
101.221
101.264
101.387
99.2925
100.937
101.693
101.158
100.363
100.397
99.8553
99.236
98.6805
98.3899
99.5751
100.985
101.46
101.354
101.756
100.413
100.173
99.771
99.8483
99.608
102.025
102.562
104.111
105.05
103.599
103.57
103.237
102.631
102.11
101.029
101.016
101.042
99.9775
99.9292
101.671
101.15
100.464
98.4364
101.163
101.858
103.004
104.254
103.656
102.775
101.912
102.372
102.458
101.771
101.737
102.801
102.902
102.319
102.642
102.38
100.96
100.285
101.426
102.476
101.975
102.712
101.157
100.983
101.671
101.942
101.052
98.3394
98.3645
99.0984
101.114
101.09
100.257
99.3165
99.4302
98.5886
97.0628
96.7116
97.8226
97.1581
97.498
98.0819
98.8914
99.0919
98.5487
98.8458
98.5417
98.4117
97.3578
96.9396
96.3566
95.7188
96.2125
96.7616
96.5682
95.8891
96.0238
96.3379
98.4738
99.3752
100.026
99.3119
101.222
101.036
100.091
99.0502
98.9355
98.8777
98.1993
98.6596
98.3319
99.456
100.496
99.8911
102.7
100.556
100.474
100.807
100.561
100.163
104.257
106.201
104.943
105.414
105.148
104.704
106.023
105.03
105.196
104.176
102.112
103.089
102.697
103.039
105.307
103.419
103.976
104.138
103.365
103.863
103.184
101.96
102.741
103.324
101.173
101.519
104.565
103.42
101.619
101.606
101.826
100.55
101.578
100.64
101.827
100.349
99.9526
98.8898
99.2476
98.8365
98.057
98.125
98.1323
99.1473
98.7907
98.1197
99.2821
100.203
99.9894
100.246
101.247
102.307
101.28
102.541
102.145
101.435
101.382
102.118
102.707
103.089
104.709
104.28
104.422
105.368
103.882
103.736
103.106
103.376
102.888
105.638
105.508
106.759
107.376
106.557
105.027
105.527
103.819
103.48
103.068
103.178
102.688
103.75
103.61
103.176
102.959
102.156
103.273
102.587
101.641
101.727
102.989
103.498
103.938
106.953
105.404
106.534
107.619
107.435
105.319
105.014
105.192
104.533
103.848
103.271
103.164
104.505
104.403
104.475
104.368
103.256
103.042
101.872
101.91
102.062
101.869
102.983
102.741
102.564
103.619
103.544
103.516
104.714
104.621
103.633
103.565
101.987
102.013
101.989
102.225
102.346
102.058
101.936
104.863
106.83
108.24
109.64
109.049
109.675
109.397
108.241
108.362
108.459
108.085
108.075
107.767
107.816
105.856
105.672
106.198
106.348
107.021
106.463
108.157
107.026
106.924
106.487
106.844
106.16
105.542
105.05
103.957
103.461
105.592
107.15
107.883
106.575
108.738
108.448
107.443
107.765
109.028
111.63
112.685
110.958
111.257
111.052
111.008
110.839
110.715
110.536
108.826
108.636
109.203
109.416
111.427
112.436
112.714
112.077
112.514
111.425
111.759
110.142
111.071
110.569
110.112
109.486
109.798
108.976
110.274
110.458
109.117
109.77
108.895
109.368
109.544
109.725
108.387
108.584
108.426
108.415
107.152
107.06
108.732
108.346
108.169
110.5
110.51
111.827
111.596
110.538
109.78
109.175
109.302
108.021
108.052
108.526
108.183
113.033
113.174
113.621
112.063
112.814
113.141
112.41
112.858
111.607
111.286
112.334
111.592
113.88
114.493
115.7
115.725
112.644
113.774
111.762
111.035
110.604
109.347
110.249
110.332
110.055
108.946
110.066
109.946
109.999
110.723
111.567
110.868
110.136
110.919
111.696
111.021
111.684
111.998
111.745
111.498
110.841
111.028
109.846
110.906
110.041
109.759
108.731
108.937
109.794
109.326
110.332
109.228
109.437
109.295
109.378
110.527
109.814
107.995
108.207
107.429
108.235
107.753
107.573
107.597
107.96
110.851
114.973
116.569
116.817
117.569
117.565
119.073
120.525
118.523
118.533
118.28
117.659
117.114
118.67
119.842
120.123
118.572
118.906
120.247
121.468
120.684
121.945
122.774
122.947
120.289
121.065
119.578
119.685
118.885
118.473
118.03
117.394
116.226
115.299
115.634
116.014
115.168
114.808
115.112
114.054
114.549
117.909
118.64
117.016
115.771
114.839
114.678
114.33
114.129
114.715
115.32
116.285
117.982
118.252
117.268
116.466
116.257
114.968
115.697
114.602
113.565
111.944
111.916
112.592
113.162
111.347
108.419
108.728
109.63
109.72
109.922
108.677
111.571
111.158
111.145
110.388
110.068
109.341
110.71
108.879
108.083
107.319
107.838
108.527
108.927
109.648
110.68
109.856
109.572
109.14
109.027
109.509
109.951
109.792
109.688
110.421
109.936
109.145
110.215
111.081
110.709
111.6
110.581
109.917
110.057
110.503
111.206
111.174
110.654
111.961
111.994
111.686
111.69
110.443
109.768
108.774
109.665
108.884
108.612
109.548
108.82
108.606
107.56
110.194
110.107
110.077
110.193
110.205
109.933
108.671
107.427
107.996
108.224
109.396
109.836
109.692
110.34
110.227
110.31
110.653
109.421
111.91
113.094
112.491
113.064
113.728
114.519
113.133
113.765
114.995
114.825
113.832
113.066
113.202
114.228
113.334
113.568
110.97
110.745
111.469
109.962
109.646
109.38
109.004
108.435
107.817
107.561
108.702
112.923
113.857
112.693
111.839
111.221
110.954
110.578
109.829
111.808
111.262
109.939
110.199
109.745
109.823
109.703
110.726
110.151
109.224
110.172
109.945
109.736
111.896
110.591
110.729
111.695
111.334
111.421
112.136
110.174
111.056
111.062
110.347
110.235
110.072
112.549
112.587
112.633
113.88
114.455
115.897
115.85
114.84
115.58
115.106
114.87
114.42
112.877
113.846
115.245
113.635
113.34
113.258
113.909
113.733
113.97
114.289
115.769
116.874
116.254
115.393
114.417
115.271
115.114
116.1
115.948
115.438
116.128
116.15
115.623
115.318
115.898
115.899
115.984
114.767
115.546
116.79
117.594
118.894
120.087
120.794
118.509
117.899
118.16
119.738
118.291
118.199
119.262
119.005
119.263
118.614
119.082
117.595
115.792
115.29
115.733
117.176
118.219
117.687
118.087
118.153
116.308
116.967
116.692
116.002
116.56
116.904
116.042
114.859
114.188
115.233
116.157
114.95
114.05
113.56
113.72
114.123
115.474
116.024
114.736
115.608
115.713
114.374
114.851
113.781
113.28
114.712
113.834
112.379
114.695
113.756
114.335
114.939
115.444
114.916
114.121
113.778
112.814
112.441
113.732
114.24
113.683
113.61
113.868
114.242
113.995
113.596
113.472
114.487
113.434
111.785
110.954
111.147
110.831
110.545
111.61
110.511
110.966
110.886
110.174
111.898
111.635
110.857
112.009
112.275
112.16
112.428
110.926
108.537
109.802
109.806
111.118
110.562
110.125
109.4
109.353
108.655
107.111
106.145
107.408
106.592
106.091
105.598
106.1
106.23
106.092
106.199
106.156
106.002
105.463
105.893
106.957
105.897
106.095
105.468
104.67
103.873
104.571
104.688
105.104
105.867
106.353
105.67
104.946
104.352
104.284
102.269
101.921
102.422
102.151
101.583
102.754
103.721
103.204
103.282
102.677
102.959
101.575
101.101
100.585
100.563
99.8777
99.3837
100.608
99.7534
99.5681
98.4012
99.0429
98.8179
99.6579
100.7
100.741
101.511
100.958
101.855
103.036
103.203
102.053
100.956
99.9075
99.4194
99.466
98.1618
98.7496
98.6401
98.6024
96.7862
97.4043
96.8337
95.7947
95.8111
96.2072
95.8011
96.3836
96.5525
95.3864
95.8332
97.8901
98.2853
97.9712
96.414
96.6414
96.8316
97.0131
94.8623
94.7043
94.094
93.4323
93.7556
93.9853
93.2664
92.6887
92.7798
92.7131
91.7727
92.1521
91.5033
90.8967
91.1296
90.9945
91.2169
89.8886
89.6514
89.8797
90.2566
89.4415
89.7029
90.5358
88.7104
88.9674
87.5803
87.1458
88.1338
87.6938
87.8584
87.3563
87.9421
88.4529
90.617
89.4284
90.7221
89.4975
88.2431
89.0923
88.6996
88.7979
89.0192
90.1041
88.5773
87.554
87.0034
87.1506
84.752
84.9574
84.3619
83.1597
84.4855
83.5206
84.1683
83.3255
84.255
84.2778
84.1105
84.2532
84.8128
84.9515
83.8993
83.7191
83.3674
82.6923
82.8252
82.4221
82.2167
82.8508
82.5631
82.6711
83.581
84.3899
83.872
84.1798
83.9979
83.4787
83.2454
83.8016
82.8661
84.2087
85.7122
85.6426
86.7227
85.4832
87.1681
85.6991
86.7937
86.7133
87.3566
86.3913
87.3499
87.9478
89.0439
88.6646
88.4462
89.0687
87.9871
87.4315
87.2057
86.5949
86.2854
85.6537
85.8428
87.7705
88.1976
88.9549
89.7512
88.4607
89.045
89.0381
89.1025
88.8023
89.214
90.2662
89.4371
89.7629
90.4377
90.857
92.0772
91.2574
90.6447
89.7775
89.9478
91.05
91.4434
92.3518
93.2757
92.1675
93.013
93.5225
94.5921
93.5446
93.9505
92.474
94.2464
94.6414
93.7665
94.4485
95.0467
94.8299
95.6542
95.5295
95.8142
95.9816
96.5126
95.201
95.1003
95.0788
96.3006
95.0513
96.2224
96.2715
95.7015
96.0958
96.2131
96.769
96.8816
95.4728
95.8146
94.3861
94.832
95.0505
95.0864
93.5822
95.2817
95.5724
95.6501
96.3372
95.5419
97.0397
96.982
96.0891
96.5356
95.6414
95.4201
95.1792
95.512
96.4566
98.9706
98.627
97.4373
97.8685
98.8406
99.7267
100.269
99.3395
99.2307
98.9541
99.1243
98.7715
99.7423
99.2656
99.3402
98.8873
98.8892
98.8976
99.7581
99.0071
100.097
99.9956
99.4553
100.31
101.085
101.619
101.629
100.501
101.775
100.868
101.706
102.0
102.002
101.705
101.147
101.837
101.886
102.531
101.29
101.025
100.562
101.72
102.306
101.2
102.528
102.286
101.506
101.622
101.815
101.604
103.018
103.819
104.971
103.902
104.874
104.596
105.695
105.262
104.874
104.783
105.055
103.156
101.653
101.39
101.295
100.96
101.905
101.204
100.727
100.007
100.927
100.81
100.782
100.286
100.596
101.573
101.935
100.922
101.933
101.984
99.8589
101.259
99.853
99.6879
98.9679
99.0341
99.2966
98.351
99.4806
100.069
100.125
102.522
102.705
104.436
102.704
101.325
101.611
103.212
103.57
104.708
106.443
105.943
103.178
103.125
104.09
104.221
103.548
102.952
103.113
101.857
101.443
100.749
101.11
100.106
99.5888
99.8622
99.994
100.323
99.5305
100.275
99.7649
99.0394
98.9891
98.5515
98.784
97.4047
96.4933
98.2038
97.2428
98.8951
99.8791
98.802
99.1143
98.081
98.1208
98.7142
99.7413
99.7312
100.975
101.708
101.598
101.594
101.757
103.964
104.817
106.706
106.295
106.227
105.946
104.723
105.748
104.018
105.387
105.214
105.261
105.935
106.025
105.458
105.228
105.363
105.899
105.833
104.753
107.079
107.194
107.512
106.901
107.253
107.86
107.905
107.951
107.235
106.725
107.4
106.102
105.799
106.405
105.952
105.515
106.253
106.512
106.648
107.281
107.868
108.839
108.823
108.377
108.036
108.519
108.587
108.811
109.237
108.335
107.263
106.649
107.165
105.617
106.317
105.739
105.972
107.091
106.237
105.778
106.422
105.572
105.639
105.278
104.813
104.223
105.23
104.862
105.465
104.492
104.235
104.496
104.408
105.464
104.632
104.836
105.146
106.223
105.982
107.283
109.355
108.632
107.989
107.855
107.631
107.842
108.041
108.771
109.2
109.02
110.016
110.653
112.047
112.822
113.011
115.134
115.347
115.005
115.52
116.411
116.444
115.88
114.484
114.668
114.165
112.559
114.026
113.197
114.216
114.542
114.704
113.642
113.707
114.35
114.628
116.59
117.059
116.475
117.61
115.712
116.594
115.929
115.295
116.29
115.172
116.255
116.295
118.601
118.04
119.637
119.763
119.905
120.335
119.53
118.849
119.073
120.166
120.434
120.551
121.264
121.648
120.495
123.002
122.9
122.09
121.816
121.301
121.849
121.007
120.535
121.392
120.453
120.161
118.967
118.946
120.013
121.009
121.391
120.489
122.036
120.335
120.739
121.172
121.469
121.133
121.984
121.062
120.95
121.179
121.294
123.573
123.581
124.039
124.793
122.51
124.212
124.592
123.571
123.474
123.698
122.774
124.109
124.264
125.687
126.353
128.175
127.805
129.324
129.311
129.607
131.488
132.534
134.259
135.582
135.101
135.012
135.617
135.341
133.829
133.452
133.68
131.876
131.246
131.922
131.618
129.546
129.944
129.321
130.58
129.652
129.583
127.851
128.628
127.418
128.486
129.418
128.221
128.506
127.387
128.682
127.27
127.724
127.824
127.903
128.919
130.307
130.395
132.021
130.002
129.421
129.539
129.807
130.007
130.869
128.777
129.902
129.008
129.589
128.561
128.418
128.984
128.46
131.419
131.017
129.415
128.885
129.202
128.479
129.641
129.793
130.125
129.153
128.953
128.694
128.08
127.333
127.853
128.431
130.351
129.503
129.175
129.422
129.475
130.296
129.818
129.336
130.787
133.512
134.328
134.84
133.987
133.78
133.721
132.337
131.582
131.248
130.448
131.025
130.91
131.054
129.131
129.69
128.662
128.472
127.114
125.905
124.303
124.606
126.455
125.937
126.808
125.419
127.7
126.804
125.732
125.839
125.073
124.824
126.119
127.848
126.427
124.521
125.628
125.44
125.079
125.254
124.733
123.572
123.733
123.117
122.501
120.704
121.641
120.907
122.135
125.383
124.794
124.613
123.615
121.99
120.969
122.328
124.895
125.622
125.741
126.349
125.724
125.534
126.423
127.202
127.069
126.93
125.918
124.653
126.271
124.005
123.67
124.233
124.547
123.445
122.47
121.673
123.196
122.777
120.853
120.605
119.057
120.262
120.458
120.195
118.14
119.673
119.352
121.805
120.583
119.814
121.035
121.215
120.947
120.017
120.035
120.662
120.202
118.551
117.878
119.832
118.693
118.451
119.542
117.976
117.586
118.169
117.83
118.72
118.844
120.108
118.851
119.116
118.835
118.635
118.744
119.004
119.262
116.805
116.233
115.8
115.186
114.597
114.663
114.781
113.683
114.808
115.535
116.334
118.266
117.347
115.633
114.574
114.718
115.262
118.05
117.175
117.549
116.512
117.733
118.85
118.152
119.7
120.618
119.836
119.56
121.074
120.691
117.834
119.221
119.173
118.067
119.352
118.603
119.995
118.91
119.353
120.192
120.319
120.638
120.41
121.02
120.518
120.524
120.51
119.7
118.93
118.996
119.197
119.467
121.27
122.778
123.459
123.812
121.987
122.191
122.373
121.537
123.08
125.822
126.039
124.341
124.541
124.93
125.384
126.903
126.277
127.945
128.959
127.249
126.258
125.184
124.71
124.288
123.929
123.222
123.782
122.568
120.808
120.798
120.075
120.247
118.485
121.785
120.26
119.407
119.898
116.417
117.394
116.529
117.088
117.066
117.051
116.685
117.67
116.967
117.319
118.666
120.812
119.715
119.214
121.475
122.294
121.507
120.286
120.688
122.309
124.465
126.372
128.134
126.573
124.243
122.736
123.431
123.633
123.909
123.992
124.282
123.547
123.772
126.5
127.749
126.531
127.399
128.912
130.297
130.935
130.102
134.072
136.076
135.489
135.114
134.096
132.737
133.446
129.647
130.183
129.9
130.31
130.229
129.027
128.9
128.914
127.996
126.097
126.18
127.779
128.068
126.479
126.859
129.488
131.995
132.203
131.86
132.173
131.656
132.385
132.938
132.271
131.739
132.449
132.405
132.039
132.517
132.824
134.954
134.823
134.24
133.223
133.673
133.813
132.855
132.742
133.241
133.678
134.043
133.978
133.683
137.461
138.17
137.738
136.942
136.71
136.026
135.945
134.578
134.06
134.79
134.109
135.969
134.865
134.665
131.398
132.311
133.274
133.13
130.783
131.179
130.72
129.824
130.56
130.24
129.11
128.485
127.366
125.475
126.193
125.242
123.69
125.985
124.414
123.447
125.555
125.062
124.886
125.121
124.81
124.978
124.66
125.347
124.126
122.063
122.806
121.763
121.449
120.894
120.458
119.984
119.969
119.492
118.36
118.722
118.675
118.35
118.8
117.151
116.866
117.731
119.384
118.498
118.031
117.713
119.383
118.622
117.842
117.461
117.383
117.287
116.941
117.351
116.491
115.586
115.682
114.37
114.146
114.143
113.382
112.322
114.538
114.175
112.042
113.133
112.055
112.164
111.335
110.353
110.619
112.306
110.669
110.589
109.615
109.456
107.424
108.75
109.416
109.661
109.019
110.512
112.434
113.054
112.745
112.924
112.775
113.646
114.093
114.371
115.085
115.561
115.539
116.212
115.905
116.302
115.867
116.825
117.183
116.422
116.599
119.042
117.811
118.936
119.084
117.267
119.002
118.363
119.538
118.27
118.052
119.451
119.368
119.33
119.26
121.041
119.255
119.635
118.693
118.967
120.148
119.93
122.175
120.932
121.668
122.586
123.782
123.856
123.451
123.35
122.22
122.038
121.495
121.213
121.559
121.884
120.304
119.125
117.5
118.922
118.342
118.903
118.83
118.527
118.835
117.679
117.501
117.446
116.923
116.94
116.066
117.102
119.172
119.929
118.704
119.375
119.068
118.737
117.877
120.227
119.7
119.346
120.134
121.367
120.594
120.456
120.616
118.426
118.537
119.993
118.656
119.223
119.81
119.471
119.752
119.52
118.365
119.936
119.935
120.021
121.525
122.023
122.77
122.548
121.964
120.789
120.159
119.429
118.953
118.384
117.841
118.49
118.89
119.426
119.734
119.931
121.718
120.788
121.475
120.905
120.579
119.512
118.67
118.145
119.155
118.775
118.114
118.33
118.487
117.795
118.345
117.646
117.78
116.383
116.494
116.308
115.135
114.545
114.258
115.149
114.316
115.805
116.025
114.827
114.544
112.649
113.644
113.954
113.712
112.347
113.193
114.554
115.447
114.531
115.035
112.531
111.489
113.112
113.143
113.507
114.822
115.644
116.263
114.543
113.439
114.003
112.723
112.949
112.212
113.145
113.834
113.352
113.376
113.861
113.666
115.064
114.743
115.678
116.096
115.929
115.656
115.246
113.169
111.997
112.351
111.645
113.294
114.297
115.086
113.982
114.801
114.229
115.434
115.976
115.171
113.761
115.371
115.564
114.924
116.78
117.33
116.382
116.733
118.259
117.201
116.821
116.786
116.456
116.615
116.936
116.652
117.272
119.644
118.461
117.867
116.702
116.877
115.931
116.076
117.472
116.976
117.944
116.946
116.524
116.137
116.725
117.259
118.541
116.37
115.616
115.275
115.49
116.793
116.896
116.933
118.728
119.942
119.327
119.228
119.409
119.567
119.121
121.021
121.996
122.935
121.591
121.489
123.309
122.602
122.985
123.981
124.013
123.685
122.683
123.348
123.227
123.7
123.47
123.891
121.581
121.565
121.292
121.232
122.469
122.937
122.564
123.839
123.767
124.496
124.796
122.515
124.051
126.641
125.204
124.91
123.669
124.202
124.451
125.08
125.385
125.789
126.547
125.719
125.144
125.622
126.051
125.061
125.605
124.993
124.04
125.349
124.738
125.323
124.905
124.586
125.084
125.083
124.812
124.084
122.292
122.471
122.204
122.723
122.179
122.376
121.435
121.237
120.24
120.055
118.717
119.534
119.505
118.881
119.555
120.244
119.541
121.172
120.321
120.409
120.673
120.283
117.987
118.21
119.099
118.435
117.186
118.313
116.805
117.004
117.94
116.566
118.029
119.546
118.938
119.282
120.537
120.164
120.907
120.828
120.253
120.192
119.644
118.59
117.751
119.041
119.308
119.203
118.731
118.84
118.712
119.436
119.394
120.039
118.375
117.879
117.761
119.191
118.417
118.403
117.58
118.167
118.477
118.469
117.011
117.003
117.215
117.124
117.272
117.745
116.137
117.807
117.987
118.136
118.161
118.793
120.232
119.727
120.022
119.679
119.096
119.844
118.942
118.561
117.328
118.424
119.302
119.164
118.912
119.626
121.105
121.551
121.4
121.009
122.08
121.409
121.716
121.612
119.883
120.295
119.234
119.85
118.556
118.627
118.394
118.187
119.091
119.704
119.062
119.416
119.804
120.026
119.866
119.202
119.566
118.517
118.028
117.959
116.229
115.735
116.186
118.249
119.77
117.392
116.56
115.307
117.242
115.934
118.339
117.211
117.321
115.983
116.929
117.412
116.573
115.347
113.375
114.724
113.938
114.442
115.344
115.053
115.152
115.095
113.973
115.963
114.375
114.286
114.842
115.256
114.899
115.264
115.232
115.557
114.925
115.138
113.49
113.33
112.911
112.32
110.951
110.394
110.108
111.176
110.927
110.083
109.996
110.634
110.602
110.678
111.452
110.109
110.116
110.11
110.524
110.315
110.22
111.097
110.603
110.181
109.892
107.983
108.936
108.199
108.919
108.947
106.559
107.533
107.332
107.029
107.801
106.918
107.373
106.911
106.865
107.651
107.44
108.62
107.571
105.835
106.736
107.426
108.529
107.84
106.496
105.505
106.161
107.383
105.811
107.078
105.983
106.558
106.345
107.994
107.29
106.219
105.734
106.57
107.933
109.103
110.292
110.29
110.952
111.283
113.373
113.522
114.772
113.365
114.822
114.382
113.904
112.429
112.631
112.184
113.546
113.609
114.033
112.794
114.209
115.06
116.275
114.17
111.615
111.74
113.535
113.529
115.086
115.665
117.115
117.863
118.316
117.82
118.407
117.072
116.192
115.363
115.382
113.922
116.081
116.905
116.276
115.6
115.063
116.758
116.129
116.149
115.337
114.607
113.074
113.257
113.608
113.31
113.5
113.417
111.991
109.977
110.008
109.706
108.284
110.242
107.794
108.549
107.888
106.11
106.982
105.902
107.26
108.319
105.938
106.798
106.972
107.556
108.378
105.799
107.38
107.241
109.423
107.843
108.042
108.441
108.538
110.024
111.135
109.523
109.154
109.025
107.92
109.394
110.488
109.365
108.122
108.125
106.904
107.379
105.934
105.769
103.812
106.409
106.76
106.159
106.485
106.665
108.056
107.379
106.645
106.766
106.272
106.154
105.942
104.623
102.543
104.065
102.91
100.321
101.873
103.206
103.069
101.136
101.762
102.3
102.05
100.702
100.5
100.315
100.5
98.887
98.9288
99.3246
99.7307
99.8316
99.5054
100.831
99.3333
99.298
99.325
99.6813
99.5082
98.6906
100.29
100.053
101.272
100.591
100.672
100.047
98.3699
97.7489
98.9641
98.735
98.8688
99.9616
100.325
99.0256
97.6291
98.6439
98.6548
99.6642
98.9326
99.6813
99.9236
100.131
100.943
100.485
101.305
101.626
101.591
100.764
100.355
101.042
100.895
101.454
101.242
102.089
103.34
102.634
102.77
103.252
104.004
101.81
104.02
103.637
103.91
104.371
105.013
105.531
106.013
107.404
107.523
105.196
104.784
103.923
104.155
100.58
102.241
102.096
101.291
99.8449
99.0755
99.3405
98.7695
97.8711
98.3018
96.7078
96.571
96.1153
94.0441
94.677
94.8052
94.3793
93.7969
92.892
90.6398
90.5934
92.5177
92.7555
93.3327
93.7378
94.8082
95.1861
93.7566
95.0689
94.1677
94.1046
94.9859
95.0779
94.8434
94.3705
93.4316
94.4495
93.3664
91.9464
92.5031
91.6769
90.966
90.6938
91.0296
90.3292
88.7483
89.2029
90.1909
90.5662
89.9167
90.2868
90.3635
90.8009
90.9049
91.7776
91.2884
91.5651
92.3564
91.8514
92.1856
92.6995
91.9365
91.2712
92.4616
92.2798
92.3495
91.9849
91.4298
91.8772
89.7579
90.7925
90.2285
90.4958
91.2006
91.3489
91.1674
91.1765
91.4345
91.6159
91.6544
90.6932
90.6863
89.2731
89.8556
91.0954
90.7683
91.5968
90.9209
92.0651
91.5162
90.4319
91.3118
92.6027
91.2275
90.5755
90.8562
91.6485
92.029
92.2586
91.0391
91.424
90.5132
89.8231
90.3957
91.3802
91.7483
90.226
91.2373
91.1628
90.6956
90.0399
89.104
90.0583
90.129
88.5199
90.8091
90.5873
90.6446
90.8787
91.0282
89.2458
90.4682
91.9738
93.9912
93.5272
92.7683
90.4882
93.978
93.0469
92.6266
93.9388
94.3813
93.9684
94.7041
93.3054
93.7101
93.2254
92.5354
92.6385
92.8296
93.1084
92.0921
93.1379
93.6071
93.8743
93.5258
94.1934
95.1351
94.6384
92.9539
94.9682
94.2586
93.6034
93.0281
92.1794
92.201
92.5681
92.0729
91.1986
91.0927
90.7086
90.183
91.2579
90.8194
91.5937
90.4707
92.239
91.9719
91.9457
93.2215
92.8866
92.2806
93.2696
92.7176
93.0198
92.8612
93.4457
92.4189
91.9962
90.6042
91.9125
92.0923
92.0349
92.2519
91.8446
92.0587
92.6465
91.947
92.1062
91.2718
90.5845
92.168
91.3422
90.986
91.3886
91.2228
91.2952
90.8814
91.3384
89.7627
89.8131
91.2433
90.7945
90.3256
88.7712
89.2805
89.0598
88.7516
90.0395
88.7887
88.0554
88.4078
87.4276
86.168
86.519
87.7052
86.8203
87.3147
87.0433
87.8963
88.5271
87.4072
87.3022
87.7209
87.4933
89.2076
87.8861
87.6311
87.8755
87.1821
86.5459
87.7825
88.0727
87.9109
87.1431
87.6902
87.1176
87.1196
86.2982
85.9812
85.2274
85.9691
85.4851
85.5839
85.8127
86.1831
85.7155
85.488
86.3142
87.5608
89.0074
89.4362
89.6412
89.0343
88.5633
89.5754
89.9432
89.3574
89.1676
89.1237
89.3526
89.1128
87.2777
87.3676
88.2318
87.3955
87.9951
87.9141
87.5457
89.6775
87.72
87.9791
88.3815
86.8024
87.9338
88.8234
88.1603
88.9892
87.9801
88.8552
91.2215
89.5636
89.8673
90.1675
88.5564
89.8255
90.2676
89.8629
90.8361
90.9287
91.7652
92.0354
90.3427
90.4294
89.2482
89.4878
90.4547
92.4314
92.0286
92.7432
91.5464
91.0492
91.4229
92.8176
93.5241
94.3022
94.0633
94.983
94.4008
94.8078
95.0485
94.4167
94.4116
95.6129
95.1279
94.5622
94.5566
93.6678
93.2506
93.5303
93.7792
94.0606
92.1386
95.2827
93.8652
93.5931
93.0674
91.3938
93.8801
93.7822
94.4985
96.0456
94.8937
94.6668
95.041
94.0393
94.9931
94.8863
93.1663
93.0425
95.2643
96.7013
95.7437
100.373
103.835
101.589
101.456
101.469
101.705
100.887
101.696
102.65
102.389
101.202
101.476
101.745
102.277
102.42
102.268
100.658
100.412
103.667
101.949
103.037
102.334
102.279
102.363
102.366
101.893
102.368
101.173
100.527
100.476
99.1893
99.5973
99.6323
100.86
104.386
105.598
106.036
105.409
104.664
106.321
107.691
107.414
108.059
108.707
108.189
108.545
107.951
109.634
112.103
111.375
111.293
116.027
116.169
114.696
116.14
115.906
115.667
114.413
114.925
115.124
119.025
118.641
119.06
118.461
120.559
120.587
120.043
119.65
119.248
120.489
119.699
122.626
123.723
123.48
121.872
121.311
123.34
125.245
123.441
122.995
123.015
121.849
122.65
123.655
124.526
124.84
122.864
122.693
122.384
122.903
121.312
124.174
125.354
126.859
126.831
129.655
131.204
131.507
131.296
132.919
134.71
133.945
135.398
135.508
135.582
137.347
134.9
133.415
131.894
133.363
133.206
131.845
131.815
132.976
132.745
131.848
132.451
131.809
129.119
127.665
125.275
126.148
127.181
128.942
128.257
127.596
129.351
128.271
127.566
127.594
130.415
131.963
131.354
130.814
135.28
137.678
136.61
137.115
134.732
133.067
131.382
128.729
129.187
128.935
128.293
129.619
129.927
128.075
130.822
132.704
132.202
132.571
133.256
135.284
135.629
133.054
133.533
132.467
133.328
134.476
133.725
133.909
135.974
136.411
135.649
137.18
136.666
135.53
134.955
135.245
132.414
134.475
136.187
137.185
136.707
133.386
133.925
132.606
131.393
131.804
130.614
130.547
131.198
130.784
129.99
129.847
130.656
129.822
128.418
128.407
129.183
128.686
128.466
128.962
130.455
132.281
132.664
134.15
133.218
132.406
130.904
129.67
129.069
128.915
129.128
128.52
129.7
130.026
130.403
133.911
135.219
135.506
134.86
137.314
137.05
136.092
136.953
137.943
137.291
139.326
137.561
136.835
136.206
135.291
134.179
134.34
134.184
134.598
133.228
131.737
130.898
131.949
132.857
128.337
130.014
130.771
130.633
131.379
130.567
131.192
130.416
131.765
131.611
130.736
130.836
132.842
131.713
132.778
129.207
130.207
130.459
129.565
129.438
128.223
128.714
129.082
130.233
129.958
131.595
131.138
131.905
131.173
131.812
129.834
128.03
127.912
128.993
129.427
130.571
130.156
127.764
129.591
128.476
129.749
129.287
130.208
130.122
130.182
128.749
127.035
126.965
127.348
127.679
126.672
126.137
126.107
126.055
127.711
126.112
124.666
127.558
125.833
127.707
129.703
128.858
127.557
127.757
126.912
127.168
125.771
126.772
127.852
127.204
129.11
129.194
128.847
127.43
126.786
126.466
127.599
128.387
128.495
128.954
128.673
129.707
128.176
127.822
127.424
127.391
125.851
125.916
125.12
125.277
125.015
123.938
124.2
123.779
123.784
122.117
122.173
121.069
122.646
123.7
122.706
122.125
122.47
121.753
120.112
120.246
118.389
118.552
119.106
119.483
118.709
118.594
118.539
118.932
119.071
118.74
119.791
118.439
117.953
117.097
115.952
116.261
116.872
116.041
115.572
116.033
114.693
115.473
114.063
112.559
112.881
111.662
112.977
112.432
110.922
110.703
110.601
109.845
108.845
109.194
109.389
108.617
107.193
106.853
105.848
106.148
105.258
105.048
104.878
105.222
106.656
108.022
107.841
107.226
108.905
110.416
112.004
113.216
112.85
111.387
110.015
110.756
111.039
111.415
110.629
111.207
109.776
110.69
110.398
108.855
110.457
110.418
109.656
108.493
107.842
107.696
106.436
106.744
106.227
105.568
104.917
106.487
105.644
104.375
104.783
103.62
103.259
103.201
102.945
102.336
101.877
103.135
101.967
101.947
102.143
101.918
101.653
99.8075
101.396
99.1565
98.4053
99.4869
98.5096
99.6826
100.04
102.131
101.73
102.377
101.64
102.012
102.227
103.108
102.328
101.203
100.849
101.331
101.971
100.574
99.5619
100.032
99.436
100.103
99.0802
98.4779
98.6103
99.2319
99.1162
98.6347
98.4786
98.3412
98.6482
97.9273
98.353
97.2345
99.4543
100.53
101.114
100.676
100.238
101.521
100.894
99.3605
99.2333
100.421
100.1
99.2239
98.3469
99.4514
98.7418
98.6156
99.254
98.64
99.0521
97.9477
99.5306
98.7798
99.222
98.4198
98.7991
98.278
98.4585
99.0083
99.2807
101.298
100.872
101.364
101.034
102.228
101.336
101.829
101.173
101.074
100.894
99.2214
98.7825
99.003
97.5618
96.4941
96.9691
97.2348
98.9641
98.0423
97.8862
97.8149
99.6316
99.6143
99.4907
100.663
100.306
101.161
101.696
101.451
100.791
101.192
101.996
102.424
101.275
101.027
101.362
101.632
102.329
102.203
102.599
103.024
104.047
103.413
105.056
104.64
103.958
104.261
104.363
103.873
105.697
104.277
104.631
104.754
105.813
105.92
105.593
108.201
108.534
108.717
106.051
107.092
106.531
105.323
106.817
106.778
107.743
106.823
105.056
105.122
104.66
104.675
105.03
105.479
105.73
105.217
105.975
105.151
106.277
106.544
105.682
104.552
105.262
104.158
104.535
103.377
103.834
103.702
103.169
102.578
104.187
105.64
105.113
105.504
107.769
105.401
105.878
106.192
105.927
105.754
106.445
106.881
105.254
106.525
106.077
106.13
107.786
108.365
106.804
106.971
105.09
105.104
105.775
104.731
105.629
106.484
106.224
105.262
104.997
104.266
104.587
104.9
104.742
104.819
105.192
105.161
106.498
107.086
106.048
105.769
107.151
106.599
106.259
106.852
108.667
108.319
107.88
108.465
106.989
107.048
106.606
104.512
104.504
105.268
104.402
103.072
103.945
104.043
104.835
104.976
104.589
104.909
104.86
105.476
105.846
105.287
102.387
103.615
103.661
102.399
101.839
102.105
103.012
102.084
101.625
101.692
102.528
101.324
101.524
101.771
100.866
101.894
102.341
101.38
102.196
104.287
103.382
102.896
104.704
103.634
103.416
104.022
104.222
104.32
105.468
106.228
104.875
104.845
104.435
104.55
103.935
104.223
105.012
104.348
105.13
105.441
106.383
107.685
107.617
107.134
106.61
107.249
107.452
106.71
107.971
108.162
108.042
106.653
106.782
107.569
106.03
107.138
107.137
107.107
109.077
108.143
107.898
106.081
107.932
109.947
109.216
110.648
110.664
110.614
110.012
110.304
112.346
111.789
111.654
110.641
110.147
109.567
110.189
110.777
110.457
109.859
109.434
109.91
108.497
108.585
109.71
109.057
108.566
108.143
109.098
108.342
107.169
108.322
106.775
108.701
107.615
109.112
107.813
107.843
109.198
107.973
109.324
109.952
108.965
108.75
109.497
109.511
109.089
110.153
110.115
110.076
110.39
110.766
111.478
110.47
111.833
112.256
111.655
110.908
112.053
112.748
111.734
111.698
113.517
113.477
112.673
112.796
112.46
112.363
113.468
113.314
113.538
113.347
113.867
112.837
111.176
112.543
112.787
112.811
111.264
111.768
111.51
111.238
112.701
113.271
112.298
111.971
112.384
114.303
113.029
112.951
113.082
112.235
111.981
111.733
111.886
111.581
110.672
109.561
108.906
109.227
111.327
110.308
109.157
109.02
108.775
109.753
109.001
109.143
110.935
110.157
111.983
109.737
111.696
111.749
111.892
111.428
111.554
111.599
111.563
112.291
111.992
112.206
113.822
112.96
114.199
113.265
114.837
113.911
114.004
115.141
114.18
115.665
115.835
116.097
118.366
118.814
118.149
117.026
117.345
117.063
117.359
118.591
120.536
121.394
121.083
119.797
120.019
118.506
120.718
120.844
123.221
121.519
120.914
120.901
120.4
119.978
121.729
122.512
123.824
123.41
126.568
124.262
125.245
126.395
125.323
124.63
124.152
123.047
123.643
123.411
123.494
123.517
123.198
123.022
120.51
121.569
122.94
123.609
124.662
124.449
123.989
122.626
122.176
121.029
122.362
122.279
122.205
123.74
122.942
122.389
121.83
120.414
119.769
120.008
120.027
120.402
121.439
120.259
119.018
119.959
119.953
120.781
123.302
123.365
123.064
121.118
121.472
123.148
122.198
122.069
123.349
124.206
124.863
124.14
123.336
122.276
122.502
122.212
123.713
122.879
124.512
124.054
123.654
124.598
124.558
122.518
123.938
125.52
124.256
125.625
126.1
126.068
126.726
127.722
127.227
126.543
127.11
128.89
128.666
127.675
127.907
125.97
126.756
125.078
124.608
125.281
123.883
124.647
124.228
124.209
124.569
125.314
126.367
125.933
126.629
127.204
128.063
127.534
128.036
126.729
127.682
128.117
127.45
126.946
126.545
124.86
124.691
124.966
125.08
123.734
124.959
124.194
124.754
123.901
123.417
124.578
125.248
126.056
125.64
124.915
124.501
126.067
125.996
126.424
127.482
126.97
126.128
126.276
125.277
124.271
124.437
125.735
125.137
125.743
126.156
127.546
129.438
128.855
128.226
128.194
128.01
129.917
130.249
129.215
128.766
130.665
130.353
130.509
131.701
131.347
130.8
132.749
132.325
132.087
130.813
130.965
129.904
128.816
127.217
127.233
126.468
127.607
126.94
128.476
126.487
126.14
126.507
126.095
125.235
126.489
127.516
126.742
125.701
124.24
124.481
125.349
123.571
123.669
126.368
126.062
124.641
124.678
124.074
124.105
122.775
123.267
121.185
122.822
123.931
124.716
123.408
123.156
122.429
122.248
121.203
119.351
117.561
118.335
118.138
120.553
121.666
121.608
121.077
119.239
120.621
120.302
120.855
120.136
120.147
121.15
120.194
121.304
121.123
122.018
121.97
120.968
121.653
121.148
123.208
121.494
121.085
121.948
123.176
121.75
121.841
122.131
122.967
123.604
124.803
127.957
128.569
126.836
126.701
126.891
124.837
125.336
126.665
126.205
124.876
124.28
124.13
124.195
123.933
124.993
124.115
122.667
123.724
122.425
123.092
124.187
123.741
124.689
123.626
126.334
126.27
125.78
125.882
124.158
123.719
123.363
122.333
122.852
123.439
123.837
122.236
122.929
122.285
121.864
123.095
124.45
126.521
127.062
128.665
130.259
130.855
131.34
131.684
131.453
130.184
129.703
130.295
129.448
127.686
127.891
126.153
126.295
126.122
125.721
127.079
127.423
126.446
125.374
125.882
126.315
124.569
127.661
126.192
125.937
125.236
126.71
127.536
126.789
126.63
126.069
128.096
128.603
126.526
126.014
127.604
129.293
127.686
129.36
126.213
126.445
126.81
126.389
126.362
129.292
130.914
132.843
133.098
130.606
132.424
129.985
126.684
128.58
127.184
128.492
129.688
128.089
125.645
125.664
125.21
124.484
123.353
122.674
125.722
127.722
126.952
127.32
128.683
129.993
130.225
131.432
135.108
135.678
135.097
134.937
133.84
136.295
138.253
139.41
139.364
141.143
143.37
141.938
139.657
138.796
137.244
135.804
136.763
135.405
135.081
135.006
133.599
136.704
137.775
138.859
141.046
141.463
140.94
140.713
139.62
139.342
138.222
139.472
137.401
138.97
138.865
139.468
138.782
137.755
135.883
134.932
135.55
137.281
137.528
137.456
138.924
137.04
135.974
133.452
132.67
132.705
130.084
130.529
130.866
129.156
128.858
130.957
131.172
127.114
126.1
126.119
127.177
126.212
122.264
122.835
123.125
122.294
120.748
122.047
123.288
123.113
125.334
123.261
124.007
123.662
124.476
125.556
125.963
128.183
128.701
129.687
128.749
128.014
125.559
124.872
126.212
124.745
123.665
120.67
119.8
118.857
119.874
117.92
121.745
121.307
122.592
123.694
123.424
123.988
123.171
124.247
125.031
126.177
126.176
126.377
125.54
126.321
126.655
125.189
125.566
126.041
124.493
126.815
125.753
126.015
126.615
126.181
125.925
127.524
127.03
127.104
127.696
128.17
127.199
127.024
126.338
125.128
127.101
126.34
125.459
126.835
125.409
124.833
124.644
124.352
124.728
123.985
123.481
125.077
124.681
124.462
123.716
123.987
124.122
124.857
125.191
126.619
124.819
122.405
122.9
120.27
122.676
123.86
123.678
124.192
126.168
127.127
126.948
126.088
124.742
124.054
124.146
123.466
123.033
124.14
124.58
125.51
128.478
127.572
126.835
126.391
127.309
124.322
124.497
124.503
126.055
125.467
124.737
123.71
123.092
124.004
123.729
125.475
123.887
124.82
122.99
123.699
122.592
123.562
122.844
123.75
122.879
122.211
121.901
123.564
123.37
124.751
125.828
123.819
123.107
123.834
125.93
123.549
124.352
123.906
122.868
123.832
122.655
124.776
125.545
125.02
126.403
125.95
125.381
123.808
121.797
121.625
120.513
118.365
118.481
118.805
117.426
116.285
117.33
118.57
118.426
118.231
118.598
117.39
120.378
119.086
118.913
117.957
118.594
118.889
119.92
120.71
121.247
121.653
120.899
123.611
123.12
122.609
121.444
121.186
120.422
119.569
120.203
122.437
121.805
122.27
123.043
124.168
124.847
126.205
127.287
124.942
125.559
123.729
123.39
123.475
123.118
126.158
126.926
125.708
124.919
125.672
126.279
126.054
125.327
125.229
124.111
123.381
121.896
121.548
123.25
123.208
122.264
123.693
123.912
122.484
123.108
125.438
125.212
124.212
124.35
122.189
122.925
121.083
121.212
121.051
120.252
120.216
120.044
120.198
119.518
118.496
118.016
117.807
118.282
115.438
117.478
115.183
115.265
114.314
113.626
113.468
112.578
111.749
112.415
112.729
112.254
112.714
112.385
112.535
111.862
112.794
113.163
112.467
111.452
113.022
112.095
113.713
111.683
111.599
111.734
111.327
110.938
112.489
111.004
110.577
110.559
111.73
111.509
112.427
112.583
111.901
112.115
112.792
112.855
112.27
113.006
113.053
114.336
112.178
113.196
112.731
112.658
111.041
109.588
108.864
108.788
108.781
108.708
108.904
109.639
108.702
109.488
110.584
110.78
110.506
109.833
110.227
109.523
111.318
111.206
112.165
110.461
111.406
111.402
112.285
111.882
112.493
113.03
112.207
111.999
111.79
113.297
111.218
110.707
109.783
110.75
110.32
108.807
108.845
108.006
109.09
109.674
109.034
109.818
109.563
110.893
110.313
111.064
110.534
108.674
109.182
110.614
110.644
111.488
110.363
110.776
110.09
109.545
109.724
110.023
110.042
109.973
109.718
109.288
109.341
108.767
109.186
109.877
110.461
111.664
111.712
111.056
112.418
113.307
114.638
113.633
113.884
114.735
115.088
118.041
117.506
117.985
119.162
118.142
116.6
116.584
116.422
118.648
120.097
120.018
118.061
117.918
116.491
116.129
117.019
117.988
118.857
117.527
120.869
122.553
121.782
121.305
121.253
121.255
123.009
122.681
123.645
125.698
124.555
125.963
128.108
127.714
128.051
130.092
128.154
131.2
131.135
133.546
134.968
133.889
135.059
133.864
135.005
133.928
133.967
133.402
132.762
133.144
136.685
137.674
137.02
137.204
136.529
138.057
134.522
135.081
135.072
134.189
133.807
133.329
132.904
133.751
134.974
134.469
135.889
136.144
136.028
138.034
137.735
135.999
136.697
135.993
136.049
135.344
135.252
133.004
132.963
132.97
133.183
132.541
131.923
132.462
131.842
132.429
130.048
126.958
125.594
126.115
127.404
129.627
127.769
126.419
125.378
126.174
127.562
126.715
124.927
126.855
125.768
123.715
122.449
122.679
123.554
123.722
124.17
120.229
122.514
122.155
123.066
122.664
123.745
124.337
124.558
124.77
123.711
123.235
122.943
121.295
122.728
123.489
122.759
124.215
124.753
121.602
122.802
121.806
119.936
120.531
120.095
122.54
120.15
121.963
123.049
121.658
121.839
121.456
124.342
125.647
125.093
123.445
123.977
123.617
123.564
124.208
123.038
121.891
120.785
123.173
122.874
123.469
122.4
122.811
124.583
123.966
124.028
124.032
124.548
123.09
125.1
125.788
124.527
126.054
122.967
125.457
124.573
125.964
125.824
123.286
123.569
125.143
124.395
127.574
129.171
128.073
128.916
130.22
129.899
129.935
129.671
129.533
129.516
129.644
132.715
132.555
132.314
132.147
134.03
135.995
134.88
135.713
134.284
134.946
135.207
135.958
138.199
137.49
138.274
140.708
137.258
137.826
137.044
136.865
137.444
135.869
134.663
134.679
135.363
134.704
132.435
135.265
135.253
134.043
134.799
135.849
136.658
134.412
133.885
135.53
134.941
132.932
133.025
132.978
131.83
134.917
134.29
133.846
134.35
135.878
135.661
135.767
138.843
138.381
136.766
136.411
137.469
136.952
137.787
136.163
136.54
134.258
134.14
137.346
137.99
138.539
139.212
137.417
136.105
137.942
136.828
137.565
136.333
133.574
133.187
133.225
130.882
130.617
131.598
132.617
130.948
131.732
130.914
130.221
131.604
131.859
133.098
132.59
131.593
133.301
134.997
134.95
132.696
131.49
130.438
131.75
130.025
129.274
130.397
130.856
131.363
129.325
130.488
133.066
131.829
130.772
132.745
133.178
134.043
134.078
135.089
133.992
134.978
134.37
135.335
136.897
135.981
135.353
136.991
138.721
138.643
139.716
139.707
141.044
141.867
143.995
144.352
145.386
144.976
145.417
145.5
145.527
147.95
148.282
147.048
148.114
146.081
147.618
146.816
146.179
147.89
147.779
147.071
143.667
139.425
143.791
141.731
143.932
143.214
143.606
141.737
141.033
138.727
141.513
143.099
141.436
141.284
143.467
142.785
140.789
139.596
139.239
137.944
139.013
139.974
139.121
140.642
142.657
143.774
145.122
144.801
145.174
144.084
144.791
141.359
140.818
139.419
139.537
138.53
137.487
136.27
137.583
141.034
142.962
141.851
138.907
137.475
137.831
138.961
141.377
142.441
145.12
144.195
142.647
143.061
143.575
145.636
144.214
142.502
142.331
140.188
140.457
142.361
141.417
141.556
142.763
143.387
142.803
141.666
142.183
143.506
143.904
143.986
142.52
143.079
145.468
144.608
144.161
144.544
146.157
144.615
145.014
144.336
147.054
149.068
146.694
145.885
144.922
143.775
141.96
141.626
140.85
140.071
139.941
140.662
140.396
137.088
133.104
135.803
135.993
136.39
135.47
137.313
139.411
137.093
135.871
133.501
131.45
133.307
131.062
130.107
131.746
132.631
130.906
130.635
130.4
127.799
124.633
124.838
124.071
124.776
125.459
124.883
124.609
125.13
124.395
123.528
125.451
126.366
125.834
125.555
121.706
124.623
124.597
124.211
125.492
125.962
126.36
125.662
126.382
125.148
124.882
127.961
128.482
130.263
129.726
130.634
130.356
132.01
130.843
129.834
130.914
131.801
132.282
131.99
131.856
130.376
130.81
130.834
130.822
128.395
129.248
128.919
129.748
128.009
128.418
127.82
127.352
127.548
127.758
127.742
126.071
125.949
126.519
126.278
128.08
126.778
125.24
124.14
122.56
121.331
120.727
118.938
118.225
116.288
117.233
117.115
116.297
114.764
115.529
114.477
113.288
113.917
113.074
111.865
112.05
110.908
110.008
111.215
111.879
112.927
112.154
110.565
110.838
109.504
110.19
109.753
109.161
109.268
110.168
108.959
107.621
109.856
108.127
108.625
107.09
107.572
106.726
107.188
107.257
106.705
107.45
105.819
105.128
104.273
103.989
103.125
104.81
103.621
103.946
104.001
104.298
104.434
104.393
105.071
104.516
101.962
103.154
104.832
103.474
103.547
102.998
105.022
106.376
105.115
106.501
107.79
106.971
106.733
106.732
105.88
106.318
108.039
107.662
106.676
106.165
104.752
103.796
103.811
103.695
104.165
103.807
104.099
103.252
106.527
106.294
106.765
106.013
105.909
105.338
106.014
107.318
108.251
109.093
109.484
110.766
110.824
111.37
112.108
112.961
114.279
112.814
114.74
116.126
116.993
118.055
118.151
117.528
117.429
116.512
116.502
117.012
116.313
115.568
117.203
117.853
116.428
116.414
114.635
115.515
114.079
114.311
112.258
113.328
113.18
113.136
113.449
114.742
116.808
117.025
116.45
118.065
116.916
116.758
118.903
118.407
116.531
117.868
118.478
119.778
123.183
123.473
124.611
126.097
126.593
126.96
126.5
127.834
127.356
128.823
130.127
130.071
128.866
129.077
129.821
131.135
131.13
132.086
132.389
133.033
132.525
134.221
135.341
135.851
135.43
136.278
135.384
136.464
135.611
136.373
135.567
136.868
135.43
136.279
136.126
134.317
133.389
133.842
133.866
135.036
136.536
138.65
137.145
139.028
138.964
141.66
142.385
142.138
143.706
143.638
143.38
143.28
142.347
142.656
142.52
145.114
145.476
147.841
146.141
144.339
144.115
145.671
144.422
144.853
142.387
147.255
147.199
146.754
146.751
145.458
145.008
145.427
146.018
147.414
149.358
147.427
147.228
145.904
144.476
146.615
147.003
149.495
149.003
148.914
148.687
149.286
150.667
149.351
147.538
149.215
147.037
144.062
143.941
143.125
141.544
142.044
139.25
141.14
139.819
140.2
138.141
137.236
137.902
138.993
138.146
136.059
138.388
140.201
138.356
141.149
139.903
140.638
142.593
143.164
142.46
140.582
138.606
138.746
138.878
137.451
138.898
140.107
140.391
139.359
136.372
136.931
136.845
136.994
135.675
133.51
132.037
129.957
130.431
131.539
131.954
131.743
132.22
130.93
130.426
129.919
128.375
127.78
127.842
127.861
126.949
131.376
132.089
132.341
131.53
129.281
130.461
128.863
129.146
127.694
128.446
128.735
126.857
126.758
125.894
124.82
124.114
125.403
124.693
124.701
124.295
124.44
123.832
122.593
120.856
121.615
120.032
120.521
120.908
120.314
120.144
120.748
118.175
120.228
119.381
119.477
120.974
121.297
123.102
122.487
121.037
120.554
120.502
119.344
120.667
120.709
121.317
120.624
120.067
121.509
119.737
118.022
119.022
118.856
119.006
118.873
118.197
118.479
117.651
117.15
118.462
119.244
118.381
117.587
117.632
118.423
118.119
118.424
119.126
119.258
119.931
119.284
119.14
119.739
120.238
121.739
121.529
120.685
122.33
123.51
123.795
123.818
124.502
125.543
125.141
125.099
125.922
124.396
123.854
121.723
124.0
123.801
122.326
120.846
118.827
119.669
118.821
118.145
116.302
116.954
119.015
117.959
116.08
116.312
117.706
118.369
119.101
115.943
116.722
114.673
113.803
114.065
112.72
113.487
114.218
112.466
112.9
113.292
113.082
114.325
112.272
112.857
112.398
111.953
112.876
113.239
113.574
112.825
112.955
112.18
112.316
113.948
113.936
112.539
112.086
111.625
114.157
112.998
113.754
113.866
113.124
112.287
112.32
111.375
114.172
112.847
115.155
114.913
115.891
116.1
116.994
116.206
116.4
116.549
118.145
116.173
116.187
116.041
117.361
116.749
115.9
115.078
116.763
117.772
117.054
116.752
115.809
114.575
115.572
114.323
115.481
113.7
115.328
116.212
115.29
116.549
116.442
118.439
119.84
120.516
120.382
121.382
121.422
122.698
123.157
125.722
125.974
124.757
123.783
123.736
124.328
126.803
128.019
130.779
133.228
135.677
134.579
135.829
136.37
138.035
138.747
138.629
140.098
140.959
141.338
141.452
142.744
141.124
144.522
146.904
148.719
148.906
148.049
146.911
146.559
146.369
146.506
146.791
147.381
147.458
148.055
147.296
147.409
149.021
146.985
146.606
147.4
147.65
148.785
147.623
150.597
149.867
150.529
150.542
148.71
147.847
149.524
148.393
148.438
149.749
148.153
146.774
145.961
145.437
143.061
141.981
142.505
144.111
144.064
143.85
142.717
141.311
139.421
138.972
138.591
141.277
139.733
140.148
140.275
140.81
141.483
139.778
139.721
139.927
141.849
141.907
141.607
142.521
143.231
142.915
141.678
142.748
144.568
145.75
144.277
144.475
142.759
142.621
141.445
140.308
142.639
142.909
144.469
142.734
143.101
142.779
143.236
142.101
142.75
142.593
142.15
142.409
144.187
143.892
144.116
143.018
144.635
143.236
143.414
139.615
140.326
139.513
137.278
137.923
137.587
136.718
135.851
135.58
135.887
136.891
134.798
136.663
136.833
137.444
134.36
134.832
134.45
138.133
138.931
138.756
138.971
137.886
136.42
136.487
135.342
134.819
133.728
133.437
134.956
135.998
137.455
138.145
139.338
139.792
139.604
140.022
139.4
138.178
137.785
136.963
135.217
134.212
135.162
135.773
137.639
137.558
136.432
136.955
137.987
137.254
136.363
136.657
136.18
132.485
132.109
133.024
133.172
132.416
132.014
135.039
134.797
135.644
136.546
136.094
137.608
136.888
137.013
136.967
136.521
138.274
140.561
140.917
139.807
138.901
137.52
137.041
137.73
138.862
137.865
136.504
143.146
146.508
144.415
144.381
145.179
144.449
144.711
145.173
145.887
144.534
144.531
143.867
144.12
144.72
146.023
146.25
145.197
145.087
143.12
141.865
140.634
140.247
140.08
140.073
139.963
140.212
141.109
140.699
140.548
141.525
143.424
143.356
142.272
143.488
144.741
144.035
141.827
143.672
142.121
141.295
141.803
141.074
138.739
138.243
138.1
138.714
138.638
137.877
136.929
134.662
133.737
132.557
133.689
133.324
132.158
132.426
132.354
132.277
132.65
132.767
132.786
133.129
131.258
130.168
129.891
129.074
127.851
126.666
125.995
124.755
124.853
123.796
122.434
121.889
122.556
122.576
122.725
123.498
122.885
122.693
121.194
120.956
119.411
120.774
118.911
118.955
121.018
120.773
120.087
120.487
118.494
116.531
117.618
117.813
117.367
118.556
118.706
118.411
118.586
116.675
117.26
119.337
119.355
119.554
118.364
119.75
119.358
120.206
119.818
120.432
118.945
118.186
119.292
118.748
119.96
118.212
118.4
118.454
116.086
115.678
115.747
116.35
115.597
115.938
114.815
113.506
112.928
113.58
112.86
112.063
113.774
113.561
114.719
114.776
113.236
115.308
115.749
116.647
117.251
116.805
118.201
118.476
117.108
120.346
121.192
118.576
119.133
118.909
119.434
118.992
118.721
118.083
118.484
117.997
119.997
119.094
117.514
117.372
117.906
115.236
116.055
114.155
113.56
112.814
112.964
113.278
114.793
115.237
116.245
114.673
114.118
114.047
113.248
114.958
114.075
113.67
112.148
112.464
112.257
112.947
113.211
111.53
113.174
113.984
112.807
115.862
116.15
114.526
115.464
114.986
113.764
114.439
113.671
113.316
112.518
111.965
112.22
112.991
113.088
112.575
110.908
112.756
113.971
113.062
113.32
113.392
112.375
114.138
112.998
112.824
114.725
112.99
112.524
111.193
112.001
111.475
113.782
112.233
112.461
111.551
110.957
110.738
110.194
109.828
107.971
108.444
108.166
108.961
109.549
107.516
108.057
108.605
107.592
105.38
103.504
105.964
105.544
107.046
107.084
105.911
105.801
105.262
106.777
106.803
106.328
106.187
107.231
107.2
107.546
107.267
109.137
107.627
107.924
108.159
107.941
106.166
106.668
107.928
107.709
109.696
109.286
108.759
110.571
111.644
111.978
112.997
112.01
110.831
110.317
110.562
110.258
112.106
113.377
113.895
113.999
115.071
114.241
115.496
116.083
117.161
117.263
115.422
116.061
114.615
115.254
117.141
118.222
118.319
117.728
119.532
118.8
120.497
118.576
118.776
119.702
117.535
118.665
121.394
120.332
119.617
119.859
117.443
118.995
119.661
119.943
121.389
120.818
120.525
120.96
119.459
120.201
122.349
120.309
120.913
120.989
118.506
120.288
117.399
119.407
120.118
120.43
121.958
123.205
121.145
124.157
124.907
124.231
122.673
122.957
124.455
125.088
124.725
123.947
122.529
122.506
123.17
123.976
122.641
123.765
121.151
122.219
120.763
119.947
117.559
116.206
116.206
116.568
117.625
115.74
115.764
114.211
117.54
115.783
114.991
115.985
116.49
117.805
118.38
117.663
116.48
115.945
115.836
116.197
114.848
116.584
117.321
116.81
117.513
117.636
119.728
119.248
121.097
121.481
122.643
125.073
125.252
125.06
124.232
124.089
123.939
124.027
124.571
124.532
125.445
124.128
124.123
123.531
123.163
124.505
124.143
123.662
124.381
125.354
126.501
125.153
126.356
126.178
127.328
128.612
130.228
130.71
131.764
132.509
132.211
131.408
134.458
131.633
130.707
130.414
128.723
129.689
130.932
129.406
130.622
130.041
130.626
128.395
126.793
126.951
127.792
126.071
125.312
125.384
126.381
127.124
124.519
128.785
128.038
126.986
127.144
126.451
128.952
128.621
129.425
129.142
128.783
127.302
128.302
125.048
127.115
127.734
127.129
127.577
127.647
128.853
128.886
128.791
129.988
128.922
129.611
126.878
126.516
126.235
126.504
126.988
126.264
125.79
123.819
125.748
124.889
126.472
126.722
126.716
126.366
124.165
123.971
124.087
124.355
125.741
126.996
125.392
124.887
124.584
124.544
126.026
128.11
127.243
127.127
129.02
127.317
128.652
127.68
128.2
124.853
126.907
125.504
126.128
128.491
130.2
128.54
127.912
128.01
127.928
129.147
129.928
129.244
132.157
130.397
131.457
131.664
130.366
130.029
129.596
130.924
131.423
133.575
133.187
132.121
133.184
131.867
132.644
133.338
131.39
130.674
130.685
130.238
127.9
129.922
129.781
130.488
130.262
132.026
131.921
133.188
134.949
135.309
136.176
135.746
136.075
137.39
136.744
136.064
137.813
136.453
134.906
136.818
139.227
138.488
137.791
138.05
138.11
135.999
136.363
135.718
136.504
135.501
134.951
135.242
135.469
135.058
136.101
136.959
135.252
135.961
133.725
133.663
131.782
130.811
129.266
130.012
131.277
129.459
130.749
127.746
131.658
131.339
130.674
130.331
131.232
133.677
134.314
135.745
135.776
136.59
137.98
138.415
138.642
137.114
136.12
134.725
133.62
133.726
133.599
134.735
133.625
133.758
134.823
135.805
135.989
135.369
134.004
133.944
134.487
134.294
134.368
132.003
131.631
130.755
132.832
